11 5
5 3
6 110
200
3 9
14
4 2 5 4 3 6 2 8
12
200
Q OVC 1 1 5 51 411
Q OVN 1 2 8 62 472
Q OVG 1 3 11 73 533
Q OVC 2 4 4 84 594
Q Combo 2 5 10 250 600 2 3
Q ODN 2 6 10 106 3 6 N
Q OVN 3 7 3 117 777
Q OVG 3 8 6 128 838
Q OVC 3 9 9 139 899
Q ODG 4 10 2 150 2 4 Y
Q OVC 4 11 5 161 1021
Q OVN 4 12 8 172 1082
Q OVG 5 13 11 183 1143
X 5 1
Q OT 5 14 7 205
Q ODN 6 15 10 216 3 6 Y
Q OVN 6 16 3 227 1387
Q OVG 6 17 6 238 1448
Q OVC 7 18 9 249 1509
Q ODG 7 19 2 260 2 4 Y
Q OVC 7 20 5 271 1631
Q OVN 8 21 8 282 1692
Q OVG 8 22 11 293 1753
Q OVC 8 23 4 304 1814
Q OT 9 24 7 315
Q ODN 9 25 10 326 3 6 Y
Q OVN 9 26 3 47 1997
X 10 4
Q OVC 10 27 9 69 2119
Q ODG 10 28 2 80 2 4 N
Q OVC 11 29 5 91 2241
Q OVN 11 30 8 102 2302
Q OVG 11 31 11 113 2363
Q OVC 12 32 4 124 2424
Q OT 12 33 7 135
Q ODN 12 34 10 146 3 6 N
Q OVN 13 35 3 157 2607
Q OVG 13 36 6 168 2668
Q OVC 13 37 9 179 2729
Q ODG 14 38 2 190 2 4 Y
Q OVC 14 39 5 201 451
X 14 9
Q OVG 15 40 11 223 573
Q OVC 15 41 4 234 634
Q OT 15 42 7 245
Q ODN 16 43 10 256 3 6 Y
Q OVN 16 44 3 267 817
Q OVG 16 45 6 278 878
Q OVC 17 46 9 289 939
Q ODG 17 47 2 300 2 4 Y
Q OVC 17 48 5 311 1061
Q OVN 18 49 8 322 1122
Q OVG 18 50 11 43 1183
Q OVC 18 51 4 54 1244
Q OT 19 52 7 65
X 19 11
Q OVN 19 53 3 87 1427
Q OVG 20 54 6 98 1488
Q OVC 20 55 9 109 1549
Q ODG 20 56 2 120 2 4 N
Q OVC 21 57 5 131 1671
Q OVN 21 58 8 142 1732
Q OVG 21 59 11 153 1793
Q OVC 22 60 4 164 1854
Q OT 22 61 7 175
Q ODN 22 62 10 186 3 6 N
Q OVN 23 63 3 197 2037
Q OVG 23 64 6 208 2098
Q OVC 23 65 9 219 2159
X 24 18
Q OVC 24 66 5 241 2281
Q OVN 24 67 8 252 2342
Q OVG 25 68 11 263 2403
Q OVC 25 69 4 274 2464
Q OT 25 70 7 285
Q ODN 26 71 10 296 3 6 Y
Q OVN 26 72 3 307 2647
Q OVG 26 73 6 318 2708
Q OVC 27 74 9 329 369
Q ODG 27 75 2 50 2 4 Y
Q OVC 27 76 5 61 491
Q OVN 28 77 8 72 552
Q OVG 28 78 11 83 613
X 28 20
Q OT 29 79 7 105
Q ODN 29 80 10 116 3 6 Y
Q OVN 29 81 3 127 857
Q OVG 30 82 6 138 918
Q OVC 30 83 9 149 979
Q ODG 30 84 2 160 2 4 N
Q OVC 31 85 5 171 1101
Q OVN 31 86 8 182 1162
Q OVG 31 87 11 193 1223
Q OVC 32 88 4 204 1284
Q OT 32 89 7 215
Q ODN 32 90 10 226 3 6 N
Q OVN 33 91 3 237 1467
X 33 23
Q OVC 33 92 9 259 1589
Q ODG 34 93 2 270 2 4 Y
Q OVC 34 94 5 281 1711
Q OVN 34 95 8 292 1772
Q OVG 35 96 11 303 1833
Q OVC 35 97 4 314 1894
Q OT 35 98 7 325
Q ODN 36 99 10 46 3 6 Y
Q OVN 36 100 3 57 2077
Q OVG 36 101 6 68 2138
Q OVC 37 102 9 79 2199
Q ODG 37 103 2 90 2 4 Y
Q OVC 37 104 5 101 2321
X 38 27
Q OVG 38 105 11 123 2443
Q OVC 38 106 4 134 2504
Q OT 39 107 7 145
Q ODN 39 108 10 156 3 6 Y
Q OVN 39 109 3 167 2687
Q OVG 40 110 6 178 2748
Q OVC 40 111 9 189 409
Q ODG 40 112 2 200 2 4 N
Q OVC 41 113 5 211 531
Q OVN 41 114 8 222 592
Q OVG 41 115 11 233 653
Q OVC 42 116 4 244 714
Q OT 42 117 7 255
X 42 29
Q OVN 43 118 3 277 897
Q OVG 43 119 6 288 958
Q OVC 43 120 9 299 1019
Q ODG 44 121 2 310 2 4 Y
Q OVC 44 122 5 321 1141
Q OVN 44 123 8 42 1202
Q OVG 45 124 11 53 1263
Q OVC 45 125 4 64 1324
Q OT 45 126 7 75
Q ODN 46 127 10 86 3 6 Y
Q OVN 46 128 3 97 1507
Q OVG 46 129 6 108 1568
Q OVC 47 130 9 119 1629
X 47 32
Q OVC 47 131 5 141 1751
Q OVN 48 132 8 152 1812
Q OVG 48 133 11 163 1873
Q OVC 48 134 4 174 1934
Q OT 49 135 7 185
Q ODN 49 136 10 196 3 6 Y
Q OVN 49 137 3 207 2117
Q OVG 50 138 6 218 2178
Q OVC 50 139 9 229 2239
Q ODG 50 140 2 240 2 4 N
Q OVC 51 141 5 251 2361
Q OVN 51 142 8 262 2422
Q OVG 51 143 11 273 2483
X 52 37
Q OT 52 144 7 295
Q ODN 52 145 10 306 3 6 N
Q OVN 53 146 3 317 2727
Q OVG 53 147 6 328 388
Q OVC 53 148 9 49 449
Q ODG 54 149 2 60 2 4 Y
Q OVC 54 150 5 71 571
Q OVN 54 151 8 82 632
Q OVG 55 152 11 93 693
Q OVC 55 153 4 104 754
Q OT 55 154 7 115
Q ODN 56 155 10 126 3 6 Y
Q OVN 56 156 3 137 937
X 56 39
Q OVC 57 157 9 159 1059
Q ODG 57 158 2 170 2 4 Y
Q OVC 57 159 5 181 1181
Q OVN 58 160 8 192 1242
Q OVG 58 161 11 203 1303
Q OVC 58 162 4 214 1364
Q OT 59 163 7 225
Q ODN 59 164 10 236 3 6 Y
Q OVN 59 165 3 247 1547
Q OVG 60 166 6 258 1608
Q OVC 60 167 9 269 1669
Q ODG 60 168 2 280 2 4 N
Q OVC 61 169 5 291 1791
X 61 41
Q OVG 61 170 11 313 1913
Q OVC 62 171 4 324 1974
Q Combo 62 172 12 285 675 3 4
Q Combo 62 173 14 320 750 4 2
Q OVN 63 174 3 67 2157
Q OVG 63 175 6 78 2218
Q OVC 63 176 9 89 2279
Q ODG 64 177 2 100 2 4 Y
Q OVC 64 178 5 111 2401
Q OVN 64 179 8 122 2462
Q OVG 65 180 11 133 2523
Q OVC 65 181 4 144 2584
Q OT 65 182 7 155
X 66 46
Q OVN 66 183 3 177 367
Q OVG 66 184 6 188 428
Q OVC 67 185 9 199 489
Q Combo 67 186 16 355 825 2 3