25 12
6 4
30 120
500
6 10
30
5 2 5 4 5 6 5 8 5 10 5 12
15
500
Q ODN 1 1 3 45 3 11 Y
Q ODG 1 2 4 60 4 13 N
Q OT 1 3 3 30
Q OVC 1 4 3 60 250
Q OVN 1 5 4 60 350
Q OVG 1 6 5 100 450
Q Combo 1 7 6 180 550 3 3
Q ODN 1 8 3 36 3 11 N
Q OVG 1 9 4 100 300
Q ODN 2 10 4 60 4 12 Y
Q ODG 2 11 5 75 5 14 N
Q OT 2 12 4 40
Q OVC 2 13 4 80 350
Q OVN 2 14 5 75 450
Q OVG 2 15 6 120 550
Q Combo 2 16 5 150 650 2 2
Q ODN 2 17 2 24 2 10 N
Q OVG 2 18 5 125 400
X 3 4
Q ODN 3 19 5 75 5 13 Y
Q ODG 3 20 6 90 2 15 N
Q OT 3 21 2 20
Q OVC 3 22 5 100 450
Q OVN 3 23 6 90 550
Q OVG 3 24 7 140 150
Q Combo 3 25 7 210 150 3 3
Q ODN 3 26 3 36 3 11 N
Q OVG 3 27 6 150 500
X 4 13
Q ODN 4 28 6 90 2 14 Y
Q ODG 4 29 2 30 3 16 N
Q OT 4 30 3 30
Q OVC 4 31 2 40 150
Q OVN 4 32 3 45 150
Q OVG 4 33 8 160 250
Q Combo 4 34 5 150 250 2 2
Q ODN 4 35 2 24 2 12 N
Q OVG 4 36 3 75 200
X 5 22
Q ODN 5 37 2 30 3 10 Y
Q ODG 5 38 3 45 4 17 N
Q OT 5 39 4 40
Q OVC 5 40 3 60 250
Q OVN 5 41 4 60 250
Q OVG 5 42 4 80 350
Q Combo 5 43 6 180 350 3 3
Q ODN 5 44 3 36 3 13 N
Q OVG 5 45 4 100 300
X 6 31
Q ODN 6 46 3 45 4 11 Y
Q ODG 6 47 4 60 5 18 N
Q OT 6 48 2 20
Q OVC 6 49 4 80 350
Q OVN 6 50 5 75 350
Q OVG 6 51 5 100 450
Q Combo 6 52 5 150 450 2 2
Q ODN 6 53 2 24 2 14 N
Q OVG 6 54 5 125 400
X 7 40
Q ODN 7 55 4 60 5 12 Y
Q ODG 7 56 5 75 2 19 N
Q OT 7 57 3 30
Q OVC 7 58 5 100 450
Q OVN 7 59 6 90 450
Q OVG 7 60 6 120 550
Q Combo 7 61 7 210 550 3 3
Q ODN 7 62 3 36 3 10 N
Q OVG 7 63 6 150 500
X 8 49
Q ODN 8 64 5 75 2 13 Y
Q ODG 8 65 6 90 3 10 N
Q OT 8 66 4 40
Q OVC 8 67 2 40 150
Q OVN 8 68 3 45 550
Q OVG 8 69 7 140 150
Q Combo 8 70 5 150 150 2 2
Q ODN 8 71 2 24 2 11 N
Q OVG 8 72 3 75 200
X 9 58
Q ODN 9 73 6 90 3 14 Y
Q ODG 9 74 2 30 4 11 N
Q OT 9 75 2 20
Q OVC 9 76 3 60 250
Q OVN 9 77 4 60 150
Q OVG 9 78 8 160 250
Q Combo 9 79 6 180 250 3 3
Q ODN 9 80 3 36 3 12 N
Q OVG 9 81 4 100 300
X 10 67
Q ODN 10 82 2 30 4 10 Y
Q ODG 10 83 3 45 5 12 N
Q OT 10 84 3 30
Q OVC 10 85 4 80 350
Q OVN 10 86 5 75 250
Q OVG 10 87 4 80 350
Q Combo 10 88 5 150 350 2 2
Q ODN 10 89 2 24 2 13 N
Q OVG 10 90 5 125 400
X 11 76
Q ODN 11 91 3 45 5 11 Y
Q ODG 11 92 4 60 2 13 N
Q OT 11 93 4 40
Q OVC 11 94 5 100 450
Q OVN 11 95 6 90 350
Q OVG 11 96 5 100 450
Q Combo 11 97 7 210 450 3 3
Q ODN 11 98 3 36 3 14 N
Q OVG 11 99 6 150 500
X 12 85
Q ODN 12 100 4 60 2 12 Y
Q ODG 12 101 5 75 3 14 N
Q OT 12 102 2 20
Q OVC 12 103 2 40 150
Q OVN 12 104 3 45 450
Q OVG 12 105 6 120 550
Q Combo 12 106 5 150 550 2 2
Q ODN 12 107 2 24 2 10 N
Q OVG 12 108 3 75 200
X 13 94
Q ODN 13 109 5 75 3 13 Y
Q ODG 13 110 6 90 4 15 N
Q OT 13 111 3 30
Q OVC 13 112 3 60 250
Q OVN 13 113 4 60 550
Q OVG 13 114 7 140 150
Q Combo 13 115 6 180 150 3 3
Q ODN 13 116 3 36 3 11 N
Q OVG 13 117 4 100 300
X 14 103
Q ODN 14 118 6 90 4 14 Y
Q ODG 14 119 2 30 5 16 N
Q OT 14 120 4 40
Q OVC 14 121 4 80 350
Q OVN 14 122 5 75 150
Q OVG 14 123 8 160 250
Q Combo 14 124 5 150 250 2 2
Q ODN 14 125 2 24 2 12 N
Q OVG 14 126 5 125 400
X 15 112
Q ODN 15 127 2 30 5 10 Y
Q ODG 15 128 3 45 2 17 N
Q OT 15 129 2 20
Q OVC 15 130 5 100 450
Q OVN 15 131 6 90 250
Q OVG 15 132 4 80 350
Q Combo 15 133 7 210 350 3 3
Q ODN 15 134 3 36 3 13 N
Q OVG 15 135 6 150 500
X 16 121
Q ODN 16 136 3 45 2 11 Y
Q ODG 16 137 4 60 3 18 N
Q OT 16 138 3 30
Q OVC 16 139 2 40 150
Q OVN 16 140 3 45 350
Q OVG 16 141 5 100 450
Q Combo 16 142 5 150 450 2 2
Q ODN 16 143 2 24 2 14 N
Q OVG 16 144 3 75 200
X 17 130
Q ODN 17 145 4 60 3 12 Y
Q ODG 17 146 5 75 4 19 N
Q OT 17 147 4 40
Q OVC 17 148 3 60 250
Q OVN 17 149 4 60 450
Q OVG 17 150 6 120 550
Q Combo 17 151 6 180 550 3 3
Q ODN 17 152 3 36 3 10 N
Q OVG 17 153 4 100 300
X 18 139
Q ODN 18 154 5 75 4 13 Y
Q ODG 18 155 6 90 5 10 N
Q OT 18 156 2 20
Q OVC 18 157 4 80 350
Q OVN 18 158 5 75 550
Q OVG 18 159 7 140 150
Q Combo 18 160 5 150 150 2 2
Q ODN 18 161 2 24 2 11 N
Q OVG 18 162 5 125 400
X 19 148
Q ODN 19 163 6 90 5 14 Y
Q ODG 19 164 2 30 2 11 N
Q OT 19 165 3 30
Q OVC 19 166 5 100 450
Q OVN 19 167 6 90 150
Q OVG 19 168 8 160 250
Q Combo 19 169 7 210 250 3 3
Q ODN 19 170 3 36 3 12 N
Q OVG 19 171 6 150 500
X 20 157
Q ODN 20 172 2 30 2 10 Y
Q ODG 20 173 3 45 3 12 N
Q OT 20 174 4 40
Q OVC 20 175 2 40 150
Q OVN 20 176 3 45 250
Q OVG 20 177 4 80 350
Q Combo 20 178 5 150 350 2 2
Q ODN 20 179 2 24 2 13 N
Q OVG 20 180 3 75 200
X 21 166
Q ODN 21 181 3 45 3 11 Y
Q ODG 21 182 4 60 4 13 N
Q OT 21 183 2 20
Q OVC 21 184 3 60 250
Q OVN 21 185 4 60 350
Q OVG 21 186 5 100 450
Q Combo 21 187 6 180 450 3 3
Q ODN 21 188 3 36 3 14 N
Q OVG 21 189 4 100 300
X 22 175
Q ODN 22 190 4 60 4 12 Y
Q ODG 22 191 5 75 5 14 N
Q OT 22 192 3 30
Q OVC 22 193 4 80 350
Q OVN 22 194 5 75 450
Q OVG 22 195 6 120 550
Q Combo 22 196 5 150 550 2 2
Q ODN 22 197 2 24 2 10 N
Q OVG 22 198 5 125 400
X 23 184
Q ODN 23 199 5 75 5 13 Y
Q ODG 23 200 6 90 2 15 N
Q OT 23 201 4 40
Q OVC 23 202 5 100 450
Q OVN 23 203 6 90 550
Q OVG 23 204 7 140 150
Q Combo 23 205 7 210 150 3 3
Q ODN 23 206 3 36 3 11 N
Q OVG 23 207 6 150 500
X 24 193
Q ODN 24 208 6 90 2 14 Y
Q ODG 24 209 2 30 3 16 N
Q OT 24 210 2 20
Q OVC 24 211 2 40 150
Q OVN 24 212 3 45 150
Q OVG 24 213 8 160 250
Q Combo 24 214 5 150 250 2 2
Q ODN 24 215 2 24 2 12 N
Q OVG 24 216 3 75 200
X 25 202
Q ODN 25 217 2 30 3 10 Y
Q ODG 25 218 3 45 4 17 N
Q OT 25 219 3 30
Q OVC 25 220 3 60 250
Q OVN 25 221 4 60 250
Q OVG 25 222 4 80 350
Q Combo 25 223 6 180 350 3 3
Q ODN 25 224 3 36 3 13 N
Q OVG 25 225 4 100 300
X 26 211
Q ODN 26 226 3 45 4 11 Y
Q ODG 26 227 4 60 5 18 N
Q OT 26 228 4 40
Q OVC 26 229 4 80 350
Q OVN 26 230 5 75 350
Q OVG 26 231 5 100 450
Q Combo 26 232 5 150 450 2 2
Q ODN 26 233 2 24 2 14 N
Q OVG 26 234 5 125 400
X 27 220
Q ODN 27 235 4 60 5 12 Y
Q ODG 27 236 5 75 2 19 N
Q OT 27 237 2 20
Q OVC 27 238 5 100 450
Q OVN 27 239 6 90 450
Q OVG 27 240 6 120 550
Q Combo 27 241 7 210 550 3 3
Q ODN 27 242 3 36 3 10 N
Q OVG 27 243 6 150 500
X 28 229
Q ODN 28 244 5 75 2 13 Y
Q ODG 28 245 6 90 3 10 N
Q OT 28 246 3 30
Q OVC 28 247 2 40 150
Q OVN 28 248 3 45 550
Q OVG 28 249 7 140 150
Q Combo 28 250 5 150 150 2 2
Q ODN 28 251 2 24 2 11 N
Q OVG 28 252 3 75 200
X 29 238
Q ODN 29 253 6 90 3 14 Y
Q ODG 29 254 2 30 4 11 N
Q OT 29 255 4 40
Q OVC 29 256 3 60 250
Q OVN 29 257 4 60 150
Q OVG 29 258 8 160 250
Q Combo 29 259 6 180 250 3 3
Q ODN 29 260 3 36 3 12 N
Q OVG 29 261 4 100 300
X 30 247
Q ODN 30 262 2 30 4 10 Y
Q ODG 30 263 3 45 5 12 N
Q OT 30 264 2 20
Q OVC 30 265 4 80 350
Q OVN 30 266 5 75 250
Q OVG 30 267 4 80 350
Q Combo 30 268 5 150 350 2 2
Q ODN 30 269 2 24 2 13 N
Q OVG 30 270 5 125 400
X 31 256
Q ODN 31 271 3 45 5 11 Y
Q ODG 31 272 4 60 2 13 N
Q OT 31 273 3 30
Q OVC 31 274 5 100 450
Q OVN 31 275 6 90 350
Q OVG 31 276 5 100 450
Q Combo 31 277 7 210 450 3 3
Q ODN 31 278 3 36 3 14 N
Q OVG 31 279 6 150 500
X 32 265
Q ODN 32 280 4 60 2 12 Y
Q ODG 32 281 5 75 3 14 N
Q OT 32 282 4 40
Q OVC 32 283 2 40 150
Q OVN 32 284 3 45 450
Q OVG 32 285 6 120 550
Q Combo 32 286 5 150 550 2 2
Q ODN 32 287 2 24 2 10 N
Q OVG 32 288 3 75 200
X 33 274
Q ODN 33 289 5 75 3 13 Y
Q ODG 33 290 6 90 4 15 N
Q OT 33 291 2 20
Q OVC 33 292 3 60 250
Q OVN 33 293 4 60 550
Q OVG 33 294 7 140 150
Q Combo 33 295 6 180 150 3 3
Q ODN 33 296 3 36 3 11 N
Q OVG 33 297 4 100 300
X 34 283
Q ODN 34 298 6 90 4 14 Y
Q ODG 34 299 2 30 5 16 N
Q OT 34 300 3 30
Q OVC 34 301 4 80 350
Q OVN 34 302 5 75 150
Q OVG 34 303 8 160 250
Q Combo 34 304 5 150 250 2 2
Q ODN 34 305 2 24 2 12 N
Q OVG 34 306 5 125 400
X 35 292
Q ODN 35 307 2 30 5 10 Y
Q ODG 35 308 3 45 2 17 N
Q OT 35 309 4 40
Q OVC 35 310 5 100 450
Q OVN 35 311 6 90 250
Q OVG 35 312 4 80 350
Q Combo 35 313 7 210 350 3 3
Q ODN 35 314 3 36 3 13 N
Q OVG 35 315 6 150 500
X 36 301
Q ODN 36 316 3 45 2 11 Y
Q ODG 36 317 4 60 3 18 N
Q OT 36 318 2 20
Q OVC 36 319 2 40 150
Q OVN 36 320 3 45 350
Q OVG 36 321 5 100 450
Q Combo 36 322 5 150 450 2 2
Q ODN 36 323 2 24 2 14 N
Q OVG 36 324 3 75 200
X 37 310
Q ODN 37 325 4 60 3 12 Y
Q ODG 37 326 5 75 4 19 N
Q OT 37 327 3 30
Q OVC 37 328 3 60 250
Q OVN 37 329 4 60 450
Q OVG 37 330 6 120 550
Q Combo 37 331 6 180 550 3 3
Q ODN 37 332 3 36 3 10 N
Q OVG 37 333 4 100 300
X 38 319
Q ODN 38 334 5 75 4 13 Y
Q ODG 38 335 6 90 5 10 N
Q OT 38 336 4 40
Q OVC 38 337 4 80 350
Q OVN 38 338 5 75 550
Q OVG 38 339 7 140 150
Q Combo 38 340 5 150 150 2 2
Q ODN 38 341 2 24 2 11 N
Q OVG 38 342 5 125 400
X 39 328
Q ODN 39 343 6 90 5 14 Y
Q ODG 39 344 2 30 2 11 N
Q OT 39 345 2 20
Q OVC 39 346 5 100 450
Q OVN 39 347 6 90 150
Q OVG 39 348 8 160 250
Q Combo 39 349 7 210 250 3 3
Q ODN 39 350 3 36 3 12 N
Q OVG 39 351 6 150 500
X 40 337
Q ODN 40 352 2 30 2 10 Y
Q ODG 40 353 3 45 3 12 N
Q OT 40 354 3 30
Q OVC 40 355 2 40 150
Q OVN 40 356 3 45 250
Q OVG 40 357 4 80 350
Q Combo 40 358 5 150 350 2 2
Q ODN 40 359 2 24 2 13 N
Q OVG 40 360 3 75 200
X 41 346
Q ODN 41 361 3 45 3 11 Y
Q ODG 41 362 4 60 4 13 N
Q OT 41 363 4 40
Q OVC 41 364 3 60 250
Q OVN 41 365 4 60 350
Q OVG 41 366 5 100 450
Q Combo 41 367 6 180 450 3 3
Q ODN 41 368 3 36 3 14 N
Q OVG 41 369 4 100 300
X 42 355
Q ODN 42 370 4 60 4 12 Y
Q ODG 42 371 5 75 5 14 N
Q OT 42 372 2 20
Q OVC 42 373 4 80 350
Q OVN 42 374 5 75 450
Q OVG 42 375 6 120 550
Q Combo 42 376 5 150 550 2 2
Q ODN 42 377 2 24 2 10 N
Q OVG 42 378 5 125 400
X 43 364
Q ODN 43 379 5 75 5 13 Y
Q ODG 43 380 6 90 2 15 N
Q OT 43 381 3 30
Q OVC 43 382 5 100 450
Q OVN 43 383 6 90 550
Q OVG 43 384 7 140 150
Q Combo 43 385 7 210 150 3 3
Q ODN 43 386 3 36 3 11 N
Q OVG 43 387 6 150 500
X 44 373
Q ODN 44 388 6 90 2 14 Y
Q ODG 44 389 2 30 3 16 N
Q OT 44 390 4 40
Q OVC 44 391 2 40 150
Q OVN 44 392 3 45 150
Q OVG 44 393 8 160 250
Q Combo 44 394 5 150 250 2 2
Q ODN 44 395 2 24 2 12 N
Q OVG 44 396 3 75 200
X 45 382
Q ODN 45 397 2 30 3 10 Y
Q ODG 45 398 3 45 4 17 N
Q OT 45 399 2 20
Q OVC 45 400 3 60 250
Q OVN 45 401 4 60 250
Q OVG 45 402 4 80 350
Q Combo 45 403 6 180 350 3 3
Q ODN 45 404 3 36 3 13 N
Q OVG 45 405 4 100 300
X 46 391
Q ODN 46 406 3 45 4 11 Y
Q ODG 46 407 4 60 5 18 N
Q OT 46 408 3 30
Q OVC 46 409 4 80 350
Q OVN 46 410 5 75 350
Q OVG 46 411 5 100 450
Q Combo 46 412 5 150 450 2 2
Q ODN 46 413 2 24 2 14 N
Q OVG 46 414 5 125 400
X 47 400
Q ODN 47 415 4 60 5 12 Y
Q ODG 47 416 5 75 2 19 N
Q OT 47 417 4 40
Q OVC 47 418 5 100 450
Q OVN 47 419 6 90 450
Q OVG 47 420 6 120 550
Q Combo 47 421 7 210 550 3 3
Q ODN 47 422 3 36 3 10 N
Q OVG 47 423 6 150 500
X 48 409
Q ODN 48 424 5 75 2 13 Y
Q ODG 48 425 6 90 3 10 N
Q OT 48 426 2 20
Q OVC 48 427 2 40 150
Q OVN 48 428 3 45 550
Q OVG 48 429 7 140 150
Q Combo 48 430 5 150 150 2 2
Q ODN 48 431 2 24 2 11 N
Q OVG 48 432 3 75 200
X 49 418
Q ODN 49 433 6 90 3 14 Y
Q ODG 49 434 2 30 4 11 N
Q OT 49 435 3 30
Q OVC 49 436 3 60 250
Q OVN 49 437 4 60 150
Q OVG 49 438 8 160 250
Q Combo 49 439 6 180 250 3 3
Q ODN 49 440 3 36 3 12 N
Q OVG 49 441 4 100 300
X 50 427
Q ODN 50 442 2 30 4 10 Y
Q ODG 50 443 3 45 5 12 N
Q OT 50 444 4 40
Q OVC 50 445 4 80 350
Q OVN 50 446 5 75 250
Q OVG 50 447 4 80 350
Q Combo 50 448 5 150 350 2 2
Q ODN 50 449 2 24 2 13 N
Q OVG 50 450 5 125 400
X 51 436
X 52 445