4 2
6 4
30 120
300
4 7
20
5 2 5 4 5 6 5 8
10
300
Q ODN 1 1 4 63 3 7 Y
Q ODG 1 2 6 114 4 9 N
Q OT 1 3 2 27
Q OVC 1 4 5 85 585
Q OVN 1 5 5 94 530
Q OVG 1 6 7 166 690
Q Combo 1 7 11 258 625 3 3
X 1 4
Q ODN 2 8 5 66 4 8 N
Q ODG 2 9 7 118 5 10 N
Q OT 2 10 3 29
Q OVC 2 11 6 90 620
Q OVN 2 12 6 98 560
Q OVG 2 13 8 172 730
Q Combo 2 14 12 266 650 4 4
X 2 11
Q ODN 3 15 6 69 5 9 Y
Q ODG 3 16 8 122 6 11 Y
Q OT 3 17 4 31
Q OVC 3 18 7 95 655
Q OVN 3 19 7 102 590
Q OVG 3 20 9 178 770
Q Combo 3 21 13 274 675 2 2
X 3 18
Q ODN 4 22 7 72 6 10 N
Q ODG 4 23 9 126 7 12 N
Q OT 4 24 5 33
Q OVC 4 25 8 100 690
Q OVN 4 26 8 106 620
Q OVG 4 27 10 184 810
Q Combo 4 28 14 282 700 3 3
X 4 25
Q ODN 5 29 8 75 2 11 Y
Q ODG 5 30 10 130 3 13 N
Q OT 5 31 1 35
Q OVC 5 32 9 105 725
Q OVN 5 33 9 110 650
Q OVG 5 34 11 190 850
Q Combo 5 35 15 290 725 4 4
X 5 32
Q ODN 6 36 3 78 3 12 N
Q ODG 6 37 11 134 4 14 Y
Q OT 6 38 2 37
Q OVC 6 39 10 110 760
Q OVN 6 40 4 114 680
Q OVG 6 41 6 196 890
Q Combo 6 42 16 298 750 2 2
X 6 39
Q ODN 7 43 4 81 4 13 Y
Q ODG 7 44 5 138 5 15 N
Q OT 7 45 3 39
Q OVC 7 46 4 115 795
Q OVN 7 47 5 118 710
Q OVG 7 48 7 202 930
Q Combo 7 49 17 306 775 3 3
Q ODN 8 50 5 84 5 14 N
Q ODG 8 51 6 142 6 16 N
Q OT 8 52 4 41
Q OVC 8 53 5 120 830
Q OVN 8 54 6 122 740
Q OVG 8 55 8 208 970
Q Combo 8 56 18 314 800 4 4
Q ODN 9 57 6 87 6 15 Y
Q ODG 9 58 7 146 7 17 Y
Q OT 9 59 5 43
Q OVC 9 60 6 125 865
Q OVN 9 61 7 126 770
Q OVG 9 62 9 214 1010
Q Combo 9 63 19 322 825 2 2
Q ODN 10 64 7 90 2 6 N
Q ODG 10 65 8 150 3 18 N
Q OT 10 66 1 45
Q OVC 10 67 25 130 900
Q OVN 10 68 8 130 800
Q OVG 10 69 10 220 1050
Q Combo 10 70 10 330 850 3 3
Q ODN 11 71 8 93 3 7 Y
Q ODG 11 72 9 154 4 19 N
Q OT 11 73 2 47
Q OVC 11 74 26 135 935
Q OVN 11 75 9 134 830
Q OVG 11 76 11 226 1090
Q Combo 11 77 11 338 875 4 4
Q ODN 12 78 3 96 4 8 N
Q ODG 12 79 10 158 5 8 Y
Q OT 12 80 3 49
Q OVC 12 81 27 140 970
Q OVN 12 82 4 138 860
Q OVG 12 83 6 232 1130
Q Combo 12 84 12 346 900 2 2
X 12 67
Q ODN 13 85 4 99 5 9 Y
Q ODG 13 86 11 162 6 9 N
Q OT 13 87 4 51
Q OVC 13 88 28 145 1005
Q OVN 13 89 5 142 890
Q OVG 13 90 7 238 1170
Q Combo 13 91 13 354 925 3 3
X 13 74
Q ODN 14 92 5 102 6 10 N
Q ODG 14 93 5 166 7 10 N
Q OT 14 94 5 53
Q OVC 14 95 29 150 1040
Q OVN 14 96 6 146 920
Q OVG 14 97 8 244 1210
Q Combo 14 98 14 362 950 4 4
X 14 81
Q ODN 15 99 6 105 2 11 Y
Q ODG 15 100 6 170 3 11 Y
Q OT 15 101 1 55
Q OVC 15 102 25 155 1075
Q OVN 15 103 7 150 950
Q OVG 15 104 9 250 1250
Q Combo 15 105 15 370 975 2 2
X 15 88
Q ODN 16 106 7 108 3 12 N
Q ODG 16 107 7 174 4 12 N
Q OT 16 108 2 57
Q OVC 16 109 6 160 1110
Q OVN 16 110 8 154 980
Q OVG 16 111 10 256 1290
Q Combo 16 112 16 378 1000 3 3
X 16 95
Q ODN 17 113 8 111 4 13 Y
Q ODG 17 114 8 178 5 13 N
Q OT 17 115 3 59
Q OVC 17 116 7 165 1145
Q OVN 17 117 9 158 1010
Q OVG 17 118 11 262 1330
Q Combo 17 119 17 386 1025 4 4
X 17 102
Q ODN 18 120 3 114 5 14 N
Q ODG 18 121 9 182 6 14 Y
Q OT 18 122 4 61
Q OVC 18 123 8 170 1180
Q OVN 18 124 4 162 1040
Q OVG 18 125 6 268 1370
Q Combo 18 126 18 394 1050 2 2
Q ODN 19 127 4 117 6 15 Y
Q ODG 19 128 10 186 7 15 N
Q OT 19 129 5 63
Q OVC 19 130 9 175 1215
Q OVN 19 131 5 166 1070
Q OVG 19 132 7 274 1410
Q Combo 19 133 19 402 1075 3 3
Q ODN 20 134 5 120 2 6 N
Q ODG 20 135 11 190 3 16 N
Q OT 20 136 1 65
Q OVC 20 137 10 180 1250
Q OVN 20 138 6 170 1100
Q OVG 20 139 8 280 1450
Q Combo 20 140 10 410 1100 4 4
Q ODN 21 141 6 123 3 7 Y
Q ODG 21 142 5 194 4 17 Y
Q OT 21 143 2 67
Q OVC 21 144 4 185 1285
Q OVN 21 145 7 174 1130
Q OVG 21 146 9 286 1490
Q Combo 21 147 11 418 1125 2 2
Q ODN 22 148 7 126 4 8 N
Q ODG 22 149 6 198 5 18 N
Q OT 22 150 3 69
Q OVC 22 151 5 190 1320
Q OVN 22 152 8 178 1160
Q OVG 22 153 10 292 1530
Q Combo 22 154 12 426 1150 3 3
Q ODN 23 155 8 129 5 9 Y
Q ODG 23 156 7 202 6 19 N
Q OT 23 157 4 71
Q OVC 23 158 6 195 1355
Q OVN 23 159 9 182 1190
Q OVG 23 160 11 298 1570
Q Combo 23 161 13 434 1175 4 4
Q ODN 24 162 3 132 6 10 N
Q ODG 24 163 8 206 7 8 Y
Q OT 24 164 5 73
Q OVC 24 165 7 200 1390
Q OVN 24 166 4 186 1220
Q OVG 24 167 6 304 1610
Q Combo 24 168 14 442 1200 2 2
Q ODN 25 169 4 135 2 11 Y
Q ODG 25 170 9 210 3 9 N
Q OT 25 171 1 75
Q OVC 25 172 4 205 1425
Q OVN 25 173 5 190 1250
Q OVG 25 174 7 310 1650
Q Combo 25 175 15 450 1225 3 3
Q ODN 26 176 5 138 3 12 N
Q ODG 26 177 10 214 4 10 N
Q OT 26 178 2 77
Q OVC 26 179 5 210 1460
Q OVN 26 180 6 194 1280
Q OVG 26 181 8 316 1690
Q Combo 26 182 16 458 1250 4 4
Q ODN 27 183 6 141 4 13 Y
Q ODG 27 184 11 218 5 11 Y
Q OT 27 185 3 79
Q OVC 27 186 3 215 1495
Q OVN 27 187 7 198 1310
Q OVG 27 188 9 322 1730
Q Combo 27 189 17 466 1275 2 2
Q ODN 28 190 7 144 5 14 N
Q ODG 28 191 5 222 6 12 N
Q OT 28 192 4 81
Q OVC 28 193 4 220 1530
Q OVN 28 194 8 202 1340
Q OVG 28 195 10 328 1770
Q Combo 28 196 18 474 1300 3 3
Q ODN 29 197 8 147 6 15 Y
Q ODG 29 198 6 226 7 13 N
Q OT 29 199 5 83
Q OVC 29 200 5 225 1565
Q OVN 29 201 9 206 1370
Q OVG 29 202 11 334 1810
Q Combo 29 203 19 482 1325 4 4
Q ODN 30 204 3 150 2 6 N
Q ODG 30 205 7 230 3 14 Y
Q OT 30 206 1 85
Q OVC 30 207 3 230 1600
Q OVN 30 208 4 210 1400
Q OVG 30 209 6 340 1850
Q Combo 30 210 10 490 1350 2 2
Q ODN 31 211 4 153 3 7 Y
Q ODG 31 212 8 234 4 15 N
Q OT 31 213 2 87
Q OVC 31 214 4 235 1635
Q OVN 31 215 5 214 1430
Q OVG 31 216 7 346 1890
Q Combo 31 217 11 498 1375 3 3
Q ODN 32 218 5 156 4 8 N
Q ODG 32 219 9 238 5 16 N
Q OT 32 220 3 89
Q OVC 32 221 5 240 1670
Q OVN 32 222 6 218 1460
Q OVG 32 223 8 352 1930
Q Combo 32 224 12 506 1400 4 4
Q ODN 33 225 6 159 5 9 Y
Q ODG 33 226 10 242 6 17 Y
Q OT 33 227 4 91
Q OVC 33 228 9 245 1705
Q OVN 33 229 7 222 1490
Q OVG 33 230 9 358 1970
Q Combo 33 231 13 514 1425 2 2
X 33 172
Q ODN 34 232 7 162 6 10 N
Q ODG 34 233 11 246 7 18 N
Q OT 34 234 5 93
Q OVC 34 235 10 250 1740
Q OVN 34 236 8 226 1520
Q OVG 34 237 10 364 2010
Q Combo 34 238 14 522 1450 3 3
X 34 179
Q ODN 35 239 8 165 2 11 Y
Q ODG 35 240 5 250 3 19 N
Q OT 35 241 1 95
Q OVC 35 242 4 255 1775
Q OVN 35 243 9 230 1550
Q OVG 35 244 11 370 2050
Q Combo 35 245 15 530 1475 4 4
X 35 186
Q ODN 36 246 3 168 3 12 N
Q ODG 36 247 6 254 4 8 Y
Q OT 36 248 2 97
Q OVC 36 249 5 260 1810
Q OVN 36 250 4 234 1580
Q OVG 36 251 6 376 2090
Q Combo 36 252 16 538 1500 2 2
X 36 193
Q ODN 37 253 4 171 4 13 Y
Q ODG 37 254 7 258 5 9 N
Q OT 37 255 3 99
Q OVC 37 256 6 265 1845
Q OVN 37 257 5 238 1610
Q OVG 37 258 7 382 2130
Q Combo 37 259 17 546 1525 3 3
X 37 200
Q ODN 38 260 5 174 5 14 N
Q ODG 38 261 8 262 6 10 N
Q OT 38 262 4 101
Q OVC 38 263 7 270 1880
Q OVN 38 264 6 242 1640
Q OVG 38 265 8 388 2170
Q Combo 38 266 18 554 1550 4 4
X 38 207
Q ODN 39 267 6 177 6 15 Y
Q ODG 39 268 9 266 7 11 Y
Q OT 39 269 5 103
Q OVC 39 270 8 275 1915
Q OVN 39 271 7 246 1670
Q OVG 39 272 9 394 2210
Q Combo 39 273 19 562 1575 2 2
X 39 214
Q ODN 40 274 7 180 2 6 N
Q ODG 40 275 10 270 3 12 N
Q OT 40 276 1 105
Q OVC 40 277 9 280 1950
Q OVN 40 278 8 250 1700
Q OVG 40 279 10 400 2250
Q Combo 40 280 10 570 1600 3 3
X 40 221