8 4
5 3
6 120
50
4 6
12
4 2 4 4 4 6
10
50
Q ODN 1 1 4 70 2 5 Y
Q OVC 1 2 2 30 100
Q OVC 1 3 3 60 250
X 1 3
Q OVC 2 4 6 140 400
Q OVN 2 5 5 95 500
Q OVG 2 6 7 180 700
Q OVC 2 7 4 75 300
X 2 7
Q OVC 3 8 4 80 320
Q OT 3 9 1 20
Q ODN 3 10 3 55 2 4 Y
Q OVC 3 11 5 100 350
X 4 8
X 4 11
Q OVG 4 12 9 240 900
Q OVC 4 13 6 120 380
X 4 13
Q OVC 4 14 3 65 210
X 4 14
Q ODN 5 15 5 100 3 7 N
Q OVC 5 16 5 105 410
Q OT 5 17 3 35
Q ODG 6 19 5 130 3 6 N
Q OVN 6 20 6 135 560
Q OVC 6 21 7 150 470
X 6 21
Q OVG 6 22 8 220 840
X 7 15
X 7 16
Q OVC 7 23 6 118 390
X 7 23
Q OVC 7 24 2 42 140
X 7 24
Q Combo 7 25 6 125 600 2 2
Q OVC 8 26 6 130 360
X 8 26
Q OT 8 27 5 52
Q OVC 8 28 5 112 430
X 8 28
Q OVN 9 29 5 108 520
Q OVC 9 30 3 75 280
Q ODG 9 31 9 235 6 12 N
Q OVC 9 32 6 140 390
X 9 32
Q OVG 10 33 9 245 910
Q OVC 10 34 5 112 430
Q OVC 10 35 4 90 310
X 13 34
X 14 35