10 5
5 3
12 120
100
6 8
20
5 2 5 4 5 6 5 8
12
100
Q OVN 1 1 4 79 691
Q OVG 1 2 7 148 844
Q ODN 1 3 6 97 5 9 N
Q OT 1 4 2 42
Q OVC 2 5 8 115 785
Q OVN 2 6 9 124 896
Q OVG 2 7 12 193 1079
Q ODN 2 8 3 142 2 14 Y
Q OT 3 9 3 57
Q OVC 3 10 5 160 970
Q OVN 3 11 6 169 1101
Q OVG 3 12 9 238 1314
Q ODN 4 13 8 187 3 9 N
Q OT 4 14 4 72
Q OVC 4 15 10 205 1155
Q OVN 4 16 3 214 1306
Q OVG 5 17 6 283 1549
Q ODN 5 18 5 232 4 14 Y
Q OT 5 19 5 87
Q OVC 5 20 7 250 1340
Q OVN 6 21 8 259 1511
Q OVG 6 22 11 328 1784
Q ODN 6 23 10 277 5 9 N
Q OT 6 24 2 102
Q OVC 7 25 4 295 625
Q OVN 7 26 5 304 766
Q OVG 7 27 8 373 919
Q ODN 7 28 7 322 2 14 Y
Q OT 8 29 3 37
Q OVC 8 30 9 80 810
Q OVN 8 31 10 89 971
Q OVG 8 32 5 158 1154
Q ODN 9 33 4 107 3 9 N
Q OT 9 34 4 52
Q OVC 9 35 6 125 995
Q OVN 9 36 7 134 1176
Q OVG 10 37 10 203 1389
Q ODN 10 38 9 152 4 14 Y
Q OT 10 39 5 67
Q Combo 10 40 14 320 800 2 3
Q OVN 11 41 4 179 1381
Q OVG 11 42 7 248 1624
Q ODN 11 43 6 197 5 9 N
Q OT 11 44 2 82
Q OVC 12 45 8 215 1365
Q OVN 12 46 9 224 1586
Q OVG 12 47 12 293 759
Q ODN 12 48 3 242 2 14 Y
Q OT 13 49 3 97
Q OVC 13 50 5 260 650
Q OVN 13 51 6 269 841
Q OVG 13 52 9 338 994
Q ODN 14 53 8 287 3 9 N
Q OT 14 54 4 32
Q OVC 14 55 10 305 835
Q OVN 14 56 3 314 1046
Q OVG 15 57 6 383 1229
Q ODN 15 58 5 72 4 14 Y
Q OT 15 59 5 47
Q OVC 15 60 7 90 1020
Q OVN 16 61 8 99 1251
Q OVG 16 62 11 168 1464
Q ODN 16 63 10 117 5 9 N
Q OT 16 64 2 62
Q OVC 17 65 4 135 1205
Q OVN 17 66 5 144 1456
Q OVG 17 67 8 213 1699
Q ODN 17 68 7 162 2 14 Y
Q OT 18 69 3 77
Q OVC 18 70 9 180 1390
Q OVN 18 71 10 189 711
Q OVG 18 72 5 258 834
Q ODN 19 73 4 207 3 9 N
Q OT 19 74 4 92
Q OVC 19 75 6 225 675
Q OVN 19 76 7 234 916
Q OVG 20 77 10 303 1069
Q ODN 20 78 9 252 4 14 Y
Q OT 20 79 5 107
Q Combo 20 80 16 380 1000 2 3
Q OVN 21 81 4 279 1121
Q OVG 21 82 7 348 1304
Q ODN 21 83 6 297 5 9 N
Q OT 21 84 2 42
Q OVC 22 85 8 315 1045
Q OVN 22 86 9 324 1326
Q OVG 22 87 12 133 1539
Q ODN 22 88 3 82 2 14 Y
Q OT 23 89 3 57
Q OVC 23 90 5 100 1230
Q OVN 23 91 6 109 1531
Q OVG 23 92 9 178 1774
Q ODN 24 93 8 127 3 9 N
Q OT 24 94 4 72
Q OVC 24 95 10 145 1415
Q OVN 24 96 3 154 786
Q OVG 25 97 6 223 909
Q ODN 25 98 5 172 4 14 Y
Q OT 25 99 5 87
Q OVC 25 100 7 190 700