================================================================
                    RESTAURANT SIMULATOR                       
                        ORDER LOG                              
================================================================

TF    ID    TQ    TA    TR    TS    Ti    TC    Tw    Tserv
----------------------------------------------------------------
165   273   39    39    44    151   107   5     112   14    
163   266   38    38    43    150   107   5     112   13    
159   259   37    37    42    146   104   5     109   13    
158   280   40    40    41    144   103   1     104   14    
150   252   36    36    40    137   97    4     101   13    
150   245   35    35    39    137   98    4     102   13    
149   238   34    34    38    136   98    4     102   13    
145   231   33    33    37    133   96    4     100   12    
145   224   32    32    35    133   98    3     101   12    
143   217   31    31    32    131   99    1     100   12    
139   210   30    30    31    127   96    1     97    12    
135   278   40    40    42    120   78    2     80    15    
134   203   29    29    30    122   92    1     93    12    
133   271   39    39    41    119   78    2     80    14    
131   264   38    38    39    117   78    1     79    14    
130   257   37    37    38    116   78    1     79    14    
128   250   36    36    37    114   77    1     78    14    
127   243   35    35    37    114   77    2     79    13    
126   196   28    28    30    115   85    2     87    11    
125   189   27    27    29    114   85    2     87    11    
123   236   34    34    36    110   74    2     76    13    
122   182   26    26    27    111   84    1     85    11    
121   215   31    31    32    108   76    1     77    13    
121   229   33    33    35    110   75    2     77    11    
121   222   32    32    33    108   75    1     76    13    
119   201   29    29    31    106   75    2     77    13    
119   208   30    30    31    107   76    1     77    12    
118   194   28    28    30    106   76    2     78    12    
116   187   27    27    29    105   76    2     78    11    
116   180   26    26    27    105   78    1     79    11    
114   166   24    24    25    103   78    1     79    11    
112   159   23    23    25    102   77    2     79    10    
111   277   40    40    42    91    49    2     51    20    
110   173   25    25    26    103   77    1     78    7     
110   152   22    22    24    100   76    2     78    10    
110   145   21    21    23    100   77    2     79    10    
109   138   20    20    21    99    78    1     79    10    
106   124   18    18    19    97    78    1     79    9     
106   117   17    17    19    97    78    2     80    9     
106   110   16    16    18    97    79    2     81    9     
106   270   39    39    41    90    49    2     51    16    
104   263   38    38    40    88    48    2     50    16    
103   131   19    19    20    98    78    1     79    5     
103   103   15    15    17    95    78    2     80    8     
103   96    14    14    15    95    80    1     81    8     
103   175   25    25    26    92    66    1     67    11    
102   89    13    13    14    94    80    1     81    8     
102   82    12    12    13    94    81    1     82    8     
100   75    11    11    13    93    80    2     82    7     
99    68    10    10    12    92    80    2     82    7     
99    61    9     9     11    92    81    2     83    7     
98    54    8     8     9     91    82    1     83    7     
98    256   37    37    38    82    44    1     45    16    
96    242   35    35    36    81    45    1     46    15    
96    235   34    34    36    81    45    2     47    15    
94    249   36    36    37    82    45    1     46    12    
94    228   33    33    35    79    44    2     46    15    
86    165   24    24    26    74    48    2     50    12    
84    158   23    23    24    69    45    1     46    15    
84    279   40    41    44    65    22    3     25    19    
84    168   24    24    26    74    48    2     50    10    
84    272   39    41    44    65    23    3     26    19    
82    161   23    23    24    72    48    1     49    10    
82    265   38    39    41    63    23    2     25    19    
80    151   22    22    23    69    46    1     47    11    
80    144   21    21    22    69    47    1     48    11    
80    258   37    39    41    62    23    2     25    18    
79    137   20    20    22    68    46    2     48    11    
79    251   36    37    39    61    23    2     25    18    
77    244   35    36    39    59    21    3     24    18    
76    275   40    41    44    64    21    3     24    12    
75    268   39    39    42    64    22    3     25    11    
75    267   39    39    40    60    20    1     21    15    
75    237   34    34    37    58    21    3     24    17    
75    230   33    33    36    58    22    3     25    17    
74    240   35    35    37    55    18    2     20    19    
73    260   38    38    39    59    20    1     21    14    
73    223   32    32    34    56    22    2     24    17    
73    233   34    34    37    55    18    3     21    18    
72    216   31    31    33    56    23    2     25    16    
72    209   30    30    32    56    24    2     26    16    
71    261   38    39    41    61    21    2     23    10    
71    226   33    33    36    54    18    3     21    17    
70    274   40    40    42    64    22    2     24    6     
70    202   29    29    32    54    22    3     25    16    
68    253   37    37    38    55    17    1     18    13    
68    188   27    27    30    53    23    3     26    15    
67    246   36    36    37    55    18    1     19    12    
67    219   32    32    35    51    16    3     19    16    
66    254   37    37    39    57    18    2     20    9     
66    239   35    35    37    55    18    2     20    11    
66    181   26    26    28    51    23    2     25    15    
65    174   25    25    27    51    24    2     26    14    
64    232   34    34    36    54    18    2     20    10    
64    154   22    22    23    54    31    1     32    10    
64    212   31    31    33    49    16    2     18    15    
63    247   36    37    39    55    17    2     19    8     
63    197   29    29    31    48    17    2     19    15    
62    205   30    30    32    48    16    2     18    14    
61    195   28    28    31    53    22    3     25    8     
61    167   24    24    26    47    21    2     23    14    
61    160   23    23    26    47    21    3     24    14    
61    190   28    28    30    47    17    2     19    14    
60    198   29    29    31    47    16    2     18    13    
59    225   33    33    34    50    16    1     17    9     
57    218   32    32    33    49    16    1     17    8     
57    147   21    21    23    47    24    2     26    10    
56    146   21    21    24    43    19    3     22    13    
55    211   31    31    32    48    16    1     17    7     
55    140   20    20    21    45    24    1     25    10    
55    191   28    28    30    43    13    2     15    12    
55    139   20    21    23    42    20    2     22    13    
55    156   23    23    25    36    11    2     13    19    
54    204   30    30    31    48    17    1     18    6     
54    184   27    27    30    43    13    3     16    11    
54    149   22    22    24    36    12    2     14    18    
53    153   22    22    25    44    19    3     22    9     
53    133   19    19    21    44    23    2     25    9     
53    132   19    19    21    41    20    2     22    12    
53    183   27    27    28    40    12    1     13    13    
51    177   26    26    29    41    12    3     15    10    
51    118   17    18    21    39    19    3     22    12    
51    176   26    26    27    39    12    1     13    12    
50    169   25    25    26    39    13    1     14    11    
50    142   21    21    23    33    10    2     12    17    
49    125   18    19    21    39    19    2     21    10    
49    162   24    24    25    39    14    1     15    10    
49    135   20    20    23    33    10    3     13    16    
48    170   25    25    28    39    11    3     14    9     
48    111   16    16    19    37    18    3     21    11    
48    128   19    19    22    33    11    3     14    15    
47    163   24    24    26    39    13    2     15    8     
47    155   23    23    25    38    13    2     15    9     
47    126   18    18    20    38    18    2     20    9     
47    104   15    16    19    36    18    3     21    11    
45    112   16    16    20    36    16    4     20    9     
45    97    14    14    16    34    18    2     20    11    
44    148   22    22    24    36    12    2     14    8     
43    90    13    14    16    33    18    2     20    10    
43    83    12    12    14    33    19    2     21    10    
43    121   18    18    21    29    8     3     11    14    
43    127   19    19    20    28    8     1     9     15    
42    276   40    40    41    41    0     1     1     1     
42    105   15    15    19    33    14    4     18    9     
41    269   39    39    40    40    0     1     1     1     
41    120   18    18    19    27    8     1     9     14    
40    262   38    38    39    39    0     1     1     1     
40    141   21    21    22    33    11    1     12    7     
39    255   37    37    38    38    0     1     1     1     
39    76    11    11    14    26    12    3     15    13    
39    113   17    17    19    26    7     2     9     13    
39    114   17    17    19    26    7     2     9     13    
38    248   36    36    37    37    0     1     1     1     
38    119   17    17    18    29    11    1     12    9     
38    72    11    11    14    19    5     3     8     19    
37    241   35    35    36    36    0     1     1     1     
37    98    14    14    18    29    11    4     15    8     
37    65    10    10    12    19    7     2     9     18    
36    234   34    34    35    35    0     1     1     1     
36    91    13    13    17    28    11    4     15    8     
36    106   16    16    18    24    6     2     8     12    
36    58    9     9     11    19    8     2     10    17    
35    227   33    33    34    34    0     1     1     1     
35    134   20    20    21    29    8     1     9     6     
35    107   16    16    18    23    5     2     7     12    
34    220   32    32    33    33    0     1     1     1     
34    69    10    10    13    25    12    3     15    9     
34    100   15    15    17    23    6     2     8     11    
34    99    15    15    16    23    7     1     8     11    
33    213   31    31    32    32    0     1     1     1     
33    62    9     9     12    24    12    3     15    9     
33    93    14    14    16    23    7     2     9     10    
33    130   19    19    21    22    1     2     3     11    
32    206   30    30    31    31    0     1     1     1     
31    199   29    29    30    30    0     1     1     1     
30    192   28    28    29    29    0     1     1     1     
30    123   18    18    20    20    0     2     2     10    
30    84    12    12    15    22    7     3     10    8     
30    55    8     8     10    21    11    2     13    9     
30    86    13    13    16    21    5     3     8     9     
29    185   27    27    28    28    0     1     1     1     
29    116   17    17    19    19    0     2     2     10    
29    92    14    14    15    19    4     1     5     10    
28    178   26    26    27    27    0     1     1     1     
28    77    11    11    14    20    6     3     9     8     
28    85    13    13    14    19    5     1     6     9     
27    171   25    25    26    26    0     1     1     1     
27    79    12    12    15    19    4     3     7     8     
27    78    12    12    13    19    6     1     7     8     
27    109   16    16    17    17    0     1     1     10    
26    164   24    24    25    25    0     1     1     1     
26    71    11    11    13    19    6     2     8     7     
26    48    7     7     9     18    9     2     11    8     
26    51    8     8     10    10    0     2     2     16    
25    157   23    23    24    24    0     1     1     1     
25    64    10    10    12    19    7     2     9     6     
25    41    6     6     8     17    9     2     11    8     
25    70    10    10    11    17    6     1     7     8     
25    57    9     9     10    10    0     1     1     15    
24    150   22    22    23    23    0     1     1     1     
24    44    7     7     9     9     0     2     2     15    
23    143   21    21    22    22    0     1     1     1     
23    47    7     7     8     17    9     1     10    6     
23    50    8     8     9     9     0     1     1     14    
23    37    6     6     9     9     0     3     3     14    
22    136   20    20    21    21    0     1     1     1     
22    63    9     9     11    15    4     2     6     7     
22    56    8     8     9     15    6     1     7     7     
21    129   19    19    20    20    0     1     1     1     
21    49    7     7     9     14    5     2     7     7     
21    60    9     9     10    13    3     1     4     8     
21    43    7     7     8     8     0     1     1     13    
21    30    5     5     8     8     0     3     3     13    
20    122   18    18    19    19    0     1     1     1     
19    115   17    17    18    18    0     1     1     1     
19    53    8     8     9     12    3     1     4     7     
19    36    6     6     7     7     0     1     1     12    
19    23    4     4     7     7     0     3     3     12    
18    108   16    16    17    17    0     1     1     1     
18    29    5     5     7     7     0     2     2     11    
17    101   15    15    16    16    0     1     1     1     
16    94    14    14    15    15    0     1     1     1     
16    34    5     5     8     8     0     3     3     8     
16    22    4     4     6     6     0     2     2     10    
16    16    3     3     5     5     0     2     2     11    
15    87    13    13    14    14    0     1     1     1     
15    46    7     7     8     8     0     1     1     7     
15    42    6     6     8     8     0     2     2     7     
14    80    12    12    13    13    0     1     1     1     
14    27    4     4     7     7     0     3     3     7     
14    9     2     2     4     4     0     2     2     10    
13    73    11    11    12    12    0     1     1     1     
13    13    2     2     4     4     0     2     2     9     
13    33    5     5     7     7     0     2     2     6     
13    20    3     3     6     6     0     3     3     7     
13    35    5     5     6     6     0     1     1     7     
13    15    3     3     4     4     0     1     1     9     
12    66    10    10    11    11    0     1     1     1     
12    26    4     4     6     6     0     2     2     6     
12    2     1     1     3     3     0     2     2     9     
11    59    9     9     10    10    0     1     1     1     
11    40    6     6     7     7     0     1     1     4     
11    28    4     4     5     5     0     1     1     6     
11    21    3     3     5     5     0     2     2     6     
11    8     2     2     3     3     0     1     1     8     
10    52    8     8     9     9     0     1     1     1     
10    19    3     3     5     5     0     2     2     5     
9     45    7     7     8     8     0     1     1     1     
9     6     1     1     3     3     0     2     2     6     
9     14    2     2     3     3     0     1     1     6     
9     1     1     1     2     2     0     1     1     7     
8     38    6     6     7     7     0     1     1     1     
8     12    2     2     3     3     0     1     1     5     
8     7     1     1     2     2     0     1     1     6     
7     31    5     5     6     6     0     1     1     1     
7     5     1     1     2     2     0     1     1     5     
6     24    4     4     5     5     0     1     1     1     
5     17    3     3     4     4     0     1     1     1     
4     10    2     2     3     3     0     1     1     1     
3     3     1     1     2     2     0     1     1     1     
----------------------------------------------------------------

================================================================
                        STATISTICS                             
================================================================

  [1] Order Counts
      +-----------------------+-------+
      | Total Orders          | 280   |
      +-----------------------+-------+
      | Dine-in Grilled (ODG) | 40    |
      | Dine-in Normal  (ODN) | 40    |
      | Takeaway        (OT)  | 40    |
      | Delivery Cold   (OVC) | 40    |
      | Delivery Grilled(OVG) | 40    |
      | Delivery Normal (OVN) | 40    |
      | Combo                 | 40    |
      +-----------------------+-------+

  [2] Chef Counts
      +-----------------------+-------+
      | Total Chefs           | 24    |
      +-----------------------+-------+
      | Normal Chefs    (CN)  | 16    |
      | Special Chefs   (CS)  | 8     |
      +-----------------------+-------+

  [3] Scooter Counts
      +-----------------------+-------+
      | Total Scooters        | 40    |
      +-----------------------+-------+
      | Normal Scooters       | 30    |
      | Rescue Scooters       | 10    |
      | Rescue Missions       | 16    |
      +-----------------------+-------+

  [4] Order Outcomes
      +-----------------------+--------+
      | Finished Orders %     | 92.86% |
      | Cancelled Orders %    | 7.14 % |
      | Overwait Orders %     | 11.79% |
      +-----------------------+--------+

  [5] Averages  (finished orders)
      +-----------------------+-------+
      | Avg Ti                | 24.89 |
      | Avg TC                | 1.82  |
      | Avg Tw                | 26.70 |
      | Avg Tserv             | 9.66  |
      +-----------------------+-------+

  [6] Utilization
      +-----------------------+--------+
      | Chefs Util %          | 15.55% |
      | Scooters Util %       | 83.72% |
      | (rescue scooters excluded)     |
      +-----------------------+--------+

================================================================
