TF 	ID 	TQ 	TA 	TR 	TS 	Ti 	TC 	Tw 	Tserv
112	91	23	23	25	99	74	2	76	13
110	86	22	22	24	98	74	2	76	12
108	81	21	21	22	98	76	1	77	10
107	96	24	24	25	99	74	1	75	8
102	76	19	19	21	94	73	2	75	8
99	71	18	18	20	93	73	2	75	6
99	66	17	17	18	86	68	1	69	13
97	61	16	16	18	86	68	2	70	11
95	46	12	12	14	81	67	2	69	14
93	56	14	14	15	84	69	1	70	9
91	41	11	11	12	79	67	1	68	12
90	51	13	13	15	82	67	2	69	8
90	80	20	20	22	81	59	2	61	9
88	36	9	9	11	78	67	2	69	10
84	31	8	8	10	75	65	2	67	9
81	21	6	6	8	68	60	2	62	13
79	26	7	7	8	72	64	1	65	7
75	100	25	25	27	68	41	2	43	7
74	40	10	10	12	67	55	2	57	7
72	95	24	24	26	60	34	2	36	12
70	90	23	23	24	59	35	1	36	11
67	70	18	18	20	55	35	2	37	12
66	85	22	22	24	57	33	2	35	9
63	87	22	22	26	46	20	4	24	17
63	60	15	15	17	54	37	2	39	9
63	92	23	23	26	48	22	3	25	15
62	75	19	19	21	56	35	2	37	6
60	65	17	17	18	54	36	1	37	6
59	97	25	25	27	51	24	2	26	8
56	82	21	21	24	45	21	3	24	11
53	67	17	17	20	38	18	3	21	15
50	77	20	20	24	41	17	4	21	9
47	72	18	18	20	40	20	2	22	7
47	62	16	16	20	34	14	4	18	13
44	57	15	15	17	33	16	2	18	11
43	52	13	13	16	32	16	3	19	11
42	42	11	11	14	28	14	3	17	14
40	98	25	25	26	26	0	1	1	14
39	37	10	10	14	27	13	4	17	12
39	22	6	6	10	24	14	4	18	15
38	47	12	12	16	31	15	4	19	7
37	88	22	22	23	23	0	1	1	14
36	32	8	8	10	26	16	2	18	10
36	78	20	20	22	22	0	2	2	14
35	93	24	24	26	26	0	2	2	9
34	45	12	12	14	22	8	2	10	12
33	55	14	14	16	26	10	2	12	7
33	27	7	7	10	25	15	3	18	8
33	68	17	17	19	19	0	2	2	14
32	83	21	21	23	23	0	2	2	9
30	58	15	15	16	16	0	1	1	14
29	35	9	9	11	20	9	2	11	9
29	73	19	19	20	20	0	1	1	9
28	50	13	13	14	22	8	1	9	6
27	99	25	25	26	26	0	1	1	1
27	63	16	16	18	18	0	2	2	9
27	48	12	12	13	13	0	1	1	14
26	94	24	24	25	25	0	1	1	1
26	38	10	10	12	12	0	2	2	14
25	89	23	23	24	24	0	1	1	1
25	30	8	8	10	18	8	2	10	7
25	53	14	14	16	16	0	2	2	9
23	84	21	21	22	22	0	1	1	1
23	28	7	7	9	9	0	2	2	14
22	79	20	20	21	21	0	1	1	1
22	43	11	11	13	13	0	2	2	9
21	74	19	19	20	20	0	1	1	1
20	69	18	18	19	19	0	1	1	1
20	25	7	7	8	14	6	1	7	6
20	17	5	5	7	7	0	2	2	13
20	18	5	5	6	6	0	1	1	14
19	33	9	9	10	10	0	1	1	9
19	20	5	5	7	7	0	2	2	12
18	64	16	16	17	17	0	1	1	1
17	59	15	15	16	16	0	1	1	1
17	23	6	6	8	8	0	2	2	9
17	8	2	2	3	3	0	1	1	14
16	54	14	14	15	15	0	1	1	1
16	12	3	3	6	6	0	3	3	10
16	15	4	4	6	6	0	2	2	10
16	16	4	4	5	5	0	1	1	11
15	49	13	13	14	14	0	1	1	1
15	7	2	2	6	6	0	4	4	9
15	13	4	4	6	6	0	2	2	9
15	11	3	3	5	5	0	2	2	10
13	44	11	11	12	12	0	1	1	1
13	10	3	3	4	4	0	1	1	9
12	39	10	10	11	11	0	1	1	1
12	2	1	1	4	4	0	3	3	8
12	6	2	2	4	4	0	2	2	8
12	3	1	1	3	3	0	2	2	9
11	34	9	9	10	10	0	1	1	1
11	5	2	2	4	4	0	2	2	7
10	29	8	8	9	9	0	1	1	1
8	24	6	6	7	7	0	1	1	1
8	1	1	1	2	2	0	1	1	6
7	19	5	5	6	6	0	1	1	1
6	14	4	4	5	5	0	1	1	1
5	9	3	3	4	4	0	1	1	1
3	4	1	1	2	2	0	1	1	1

================ Statistics ================

1- Total number of orders and total number of each order type = 100
	ODG = 0
	ODN = 20
	OT  = 20
	OVC = 18
	OVG = 20
	OVN = 20
	Combo  = 2
2- Total number of chefs and total number of each type = 15
	CN = 10
	CS = 5
3- Total number of scooters and total number of each type  = 112
	Normal scooters count = 12
	Rescue scooters count = 100
	Rescue missions = 9
4- Percentage of finished orders and percentage of cancelled orders
	Finished Orders % = 100%
	Cancelled Orders % = 0%
5- Overwait Orders % = 16%
6- Average for Ti TC Tw Tserv for all finished orders
	Average Ti = 18.3
	Average TC = 1.81
	Average Tw = 20.11
	Average Tserv = 8.44
7- Scooters Utilization % = 80.2667% (Rescue scooters not counted in Utilization)
8- Chefs Utilization % = 9.86667%
